 -0.51 9.19 3.30 1.76 3.85 9.38 7.83 2.71 14.35 11.42 -8.73 6.25 -5.49 3.99 4.29 0.21 -6.57 2.87 10.46 4.08 7.00 15.96 6.96 5.04 7.09 0.61 6.33 4.83 6.79 9.82
 -1.16 8.05 2.83 1.19 3.52 9.14 8.52 2.77 14.49 10.88 -8.42 5.67 -5.06 3.39 4.49 -0.00 -7.38 3.52 11.34 4.62 7.36 16.88 7.91 5.11 7.37 0.19 6.73 5.38 7.94 9.89
 -1.29 7.54 3.08 1.23 3.49 9.62 9.58 3.50 15.02 10.77 -7.67 5.60 -3.94 3.23 4.84 0.55 -7.81 4.49 12.48 5.23 8.19 18.27 9.17 5.25 7.95 -0.08 7.20 6.22 9.20 10.17
 -0.88 7.57 3.73 1.64 4.13 10.20 11.02 4.60 15.78 11.20 -6.22 5.93 -2.50 3.65 5.79 1.61 -7.28 5.63 14.07 6.53 9.40 19.56 10.80 6.01 9.02 0.73 8.35 7.73 10.86 11.29
 -0.78 7.44 4.57 1.90 4.30 10.76 12.57 5.28 16.63 11.58 -4.72 6.20 -1.28 4.38 6.43 2.51 -6.85 6.70 15.56 7.66 10.57 21.11 12.26 6.34 9.97 1.11 8.84 8.73 12.54 12.16
 0.03 7.98 5.95 2.71 5.10 11.75 14.53 6.60 17.80 12.62 -2.60 6.87 0.48 5.71 7.51 3.98 -5.63 7.94 17.27 9.25 12.04 22.83 14.18 7.00 11.18 2.13 10.05 10.30 14.54 13.67
 0.94 8.77 7.59 3.79 6.11 13.01 16.53 7.76 18.89 13.73 -0.34 7.80 2.37 7.30 8.80 5.73 -4.05 9.17 19.01 11.00 13.66 24.49 15.98 7.79 12.55 3.42 11.18 11.86 16.56 15.30
 1.74 9.76 9.23 4.72 6.87 14.03 18.68 8.81 20.36 15.12 1.88 8.74 4.11 9.18 9.92 7.34 -2.34 10.33 20.79 12.76 15.23 26.17 17.83 8.26 13.88 4.72 12.26 13.32 18.58 17.13
 3.04 10.96 11.05 6.20 7.95 15.34 20.80 10.24 21.57 16.44 4.53 9.96 6.39 11.31 11.23 9.40 -0.26 11.38 22.30 14.54 16.73 27.64 19.58 8.88 15.12 6.19 13.27 14.95 20.37 18.82
 4.33 12.28 13.21 7.69 9.15 16.72 23.24 11.63 23.28 18.23 7.30 11.45 8.49 13.83 12.82 11.44 2.26 12.87 24.08 16.65 18.40 29.34 21.53 9.63 16.67 7.98 14.57 16.64 22.53 20.84
 5.48 13.29 15.10 9.10 10.13 17.78 25.40 12.72 24.78 19.88 9.95 12.71 10.35 16.31 14.05 13.27 4.56 13.96 25.48 18.27 19.90 30.67 23.13 10.14 17.84 9.40 15.49 17.99 24.41 22.42
 6.85 14.46 16.87 10.56 11.16 18.93 27.25 13.73 26.21 21.34 12.18 13.97 12.02 18.67 15.38 15.03 6.66 14.80 26.59 19.84 21.08 31.79 24.46 10.40 18.96 10.77 16.41 19.27 25.91 23.82
 7.70 14.98 18.09 11.72 11.61 19.37 28.66 14.32 27.18 22.43 14.10 14.84 13.29 20.50 16.13 16.21 8.44 15.25 27.17 20.73 21.88 32.10 25.27 10.30 19.36 11.74 16.65 19.88 26.74 24.54
 9.04 15.96 19.65 13.40 12.55 20.40 30.17 15.36 28.53 23.75 16.06 16.10 14.76 22.57 17.31 17.65 10.36 15.91 27.83 21.89 22.79 32.85 26.29 10.55 20.25 12.91 17.39 20.76 27.80 25.55
 10.39 16.58 21.07 15.07 13.45 21.26 31.70 16.17 29.91 25.19 18.15 17.33 16.09 24.63 18.53 18.98 12.00 16.71 28.51 23.14 23.92 33.49 27.31 10.92 20.92 14.14 18.38 21.63 29.01 26.40
 11.25 16.76 21.89 16.27 13.79 21.53 32.60 16.51 30.59 26.03 19.38 18.02 16.78 26.23 19.25 19.69 13.20 16.96 28.67 23.67 24.32 33.63 27.63 10.82 21.14 14.63 18.47 21.94 29.58 26.66
 11.63 16.39 21.96 16.81 13.69 21.18 32.43 16.45 30.54 25.93 19.98 18.13 16.93 26.67 19.39 19.83 13.51 16.60 27.90 23.58 23.98 32.82 27.33 10.48 20.64 14.86 18.24 21.67 29.19 26.10
 12.05 15.98 22.24 17.51 13.51 20.95 32.71 16.37 30.77 26.22 20.52 18.42 16.90 27.54 19.41 19.83 13.89 16.72 27.47 23.58 24.03 32.52 27.08 10.22 20.35 14.94 17.96 21.41 29.07 25.80
 12.92 16.04 22.92 18.68 14.05 21.34 32.95 16.82 31.28 26.62 21.43 19.05 17.55 28.58 19.95 20.31 14.26 17.06 27.22 23.85 24.48 32.53 27.34 10.64 20.36 15.50 18.32 21.64 29.21 25.71
 12.39 14.61 22.08 18.19 12.99 20.22 32.09 15.87 30.32 25.95 21.11 18.18 16.68 28.23 19.09 19.28 13.42 16.26 25.77 22.96 23.55 31.46 26.30 9.55 19.12 14.62 17.18 20.53 28.16 24.54
 12.89 14.01 22.39 18.68 13.13 20.17 32.00 15.90 30.27 26.09 21.73 18.32 16.86 28.97 19.26 19.21 13.46 16.53 25.38 23.14 23.66 31.28 26.24 9.78 18.81 14.69 17.38 20.42 28.30 24.10
 12.42 12.79 21.60 18.17 12.32 19.28 30.65 14.97 29.15 25.13 20.96 17.50 16.10 28.19 18.34 18.17 12.52 15.91 23.68 22.14 22.73 30.00 24.92 9.29 17.75 13.97 16.40 19.31 27.00 22.78
 12.90 12.31 21.93 18.65 12.67 19.45 30.54 15.17 29.05 25.31 21.75 17.58 16.29 28.75 18.65 18.12 12.69 16.41 23.50 22.38 23.00 30.09 25.05 9.76 17.69 14.17 16.80 19.27 27.22 22.52
 11.92 10.56 20.97 17.64 11.50 18.30 29.06 13.80 27.75 24.20 20.62 16.42 15.13 27.89 17.34 16.74 11.40 15.54 21.66 21.20 21.98 28.89 23.69 8.85 16.32 12.92 15.59 17.88 25.99 21.00
 12.41 10.09 21.08 17.75 11.75 18.34 28.37 13.82 27.19 24.03 20.86 16.26 15.22 27.88 17.17 16.59 11.54 15.90 20.92 21.05 21.82 28.48 23.40 9.32 16.02 13.03 15.62 17.46 25.64 20.42
 11.13 8.20 19.90 16.36 10.51 17.01 26.66 12.28 25.48 22.70 19.72 14.82 13.83 26.54 15.68 14.97 10.27 14.96 19.05 19.61 20.57 27.11 21.84 8.45 14.63 11.65 14.33 15.81 24.24 18.71
 11.27 7.60 20.04 16.41 10.67 17.08 25.98 12.12 24.89 22.53 19.78 14.60 13.68 26.34 15.42 14.59 10.22 15.25 18.36 19.34 20.52 26.97 21.61 8.77 14.32 11.44 14.37 15.32 24.10 18.12
 10.48 6.19 19.29 15.60 10.15 16.18 24.52 11.07 23.44 21.63 19.09 13.56 12.76 25.40 14.36 13.44 9.45 14.73 16.78 18.37 19.63 25.89 20.49 8.25 13.22 10.51 13.60 14.02 23.07 16.68
 9.48 4.55 18.62 14.52 9.39 15.35 23.20 9.81 22.12 20.72 18.20 12.35 11.54 24.37 13.09 12.11 8.44 14.09 15.17 17.22 18.74 25.03 19.28 7.52 12.01 9.29 12.71 12.47 22.09 15.18
 8.62 3.50 17.89 13.61 8.83 14.46 21.72 8.81 20.71 19.84 17.32 11.41 10.45 23.25 12.07 11.10 7.76 13.57 13.85 16.27 17.98 24.07 18.21 7.15 11.06 8.32 12.01 11.30 21.10 13.94
 8.04 2.63 17.48 12.98 8.63 13.99 20.65 8.11 19.52 19.11 16.71 10.67 9.66 22.37 11.32 10.20 7.16 13.17 12.74 15.59 17.38 23.33 17.50 7.03 10.28 7.63 11.72 10.31 20.53 12.93
 7.56 1.71 17.29 12.63 8.63 13.70 19.70 7.52 18.42 18.69 16.54 10.05 9.01 21.74 10.78 9.63 6.73 12.97 11.72 15.06 17.06 22.71 16.94 6.88 9.55 7.04 11.47 9.54 20.13 12.02
 6.38 0.39 16.39 11.60 7.80 12.52 18.27 6.22 16.89 17.65 15.43 8.77 7.62 20.56 9.43 8.28 5.70 12.23 10.04 13.86 16.09 21.44 15.66 6.02 8.12 5.64 10.50 8.00 18.92 10.40
 6.03 0.12 16.01 11.22 7.96 12.13 17.32 5.87 15.80 17.06 14.95 8.41 7.03 19.80 9.06 7.78 5.49 12.08 9.34 13.48 15.65 20.68 15.00 6.16 7.66 5.35 10.48 7.43 18.33 9.69
 5.10 -0.67 15.46 10.36 7.60 11.44 16.41 4.93 14.82 16.55 14.04 7.58 5.75 19.10 8.20 6.89 4.66 11.72 8.22 12.77 15.10 19.84 14.19 5.67 6.85 4.33 10.20 6.56 17.69 8.67
 4.77 -0.93 15.39 10.12 7.74 11.24 15.75 4.58 14.03 16.32 13.85 7.27 5.35 18.60 7.91 6.52 4.51 11.61 7.66 12.59 14.90 19.27 13.80 5.69 6.40 3.96 10.27 6.15 17.39 8.12
 4.07 -1.44 14.71 9.50 7.52 10.50 14.85 3.90 13.01 15.61 13.13 6.60 4.36 17.76 7.24 5.80 3.88 11.25 6.86 12.00 14.21 18.23 12.94 5.26 5.62 3.22 10.00 5.40 16.65 7.24
 3.28 -2.06 14.10 8.66 7.16 9.85 14.08 3.10 12.17 15.17 12.27 5.95 3.22 17.00 6.70 5.06 3.12 10.86 6.18 11.51 13.74 17.57 12.20 4.81 5.02 2.39 10.07 4.84 16.15 6.52
 2.90 -2.25 13.47 8.10 6.98 9.24 13.22 2.68 11.30 14.52 11.70 5.45 2.56 16.17 6.16 4.57 2.79 10.48 5.51 10.90 13.10 16.44 11.41 4.42 4.54 1.91 9.92 4.33 15.28 5.83
 2.51 -2.27 13.00 7.59 7.08 8.89 12.93 2.18 10.92 14.30 11.10 5.14 1.88 15.77 6.12 4.22 2.54 10.37 5.40 10.84 12.81 15.89 10.99 4.33 4.39 1.59 10.31 4.26 14.98 5.56
 2.09 -2.40 12.58 7.12 7.01 8.53 12.61 1.92 10.56 14.19 10.68 4.87 1.17 15.33 5.91 3.95 2.36 10.37 5.33 10.70 12.60 15.49 10.68 4.16 4.40 1.28 10.52 4.18 14.76 5.29
 1.88 -2.38 12.12 6.58 6.98 8.12 12.39 1.58 10.38 14.02 10.07 4.67 0.69 14.89 5.83 3.76 2.15 10.21 5.37 10.46 12.15 15.07 10.22 3.94 4.42 1.01 10.90 4.20 14.31 5.13
 1.61 -2.51 11.85 6.20 6.90 7.85 12.44 1.28 10.38 14.12 9.77 4.55 0.05 14.70 5.94 3.49 1.99 10.31 5.55 10.57 12.07 14.84 10.09 3.70 4.60 0.81 11.56 4.16 14.29 4.98
 1.46 -2.38 11.43 5.71 6.93 7.59 12.41 1.02 10.28 13.96 9.21 4.36 -0.38 14.23 5.96 3.33 1.91 10.21 5.88 10.45 11.65 14.62 9.67 3.55 4.94 0.66 11.98 4.30 14.04 5.02
 1.57 -2.03 11.27 5.61 7.10 7.54 12.74 1.15 10.58 14.18 9.13 4.61 -0.45 14.04 6.31 3.52 2.20 10.33 6.40 10.79 11.68 14.69 9.72 3.71 5.66 0.94 12.79 4.75 14.14 5.34
 1.67 -1.75 11.10 5.33 7.22 7.49 13.15 1.20 10.99 14.55 8.83 4.89 -0.62 14.00 6.76 3.59 2.43 10.61 7.21 11.06 11.65 15.01 9.80 3.84 6.44 1.17 13.55 5.34 14.31 5.84
 1.71 -1.67 10.99 4.98 7.32 7.38 13.55 0.99 11.38 14.77 8.60 5.02 -0.80 13.91 7.17 3.51 2.63 10.67 7.89 11.37 11.66 15.24 9.78 3.90 7.20 1.39 14.32 5.79 14.68 6.19
 1.92 -1.23 11.06 4.85 7.54 7.47 14.21 1.17 12.06 15.24 8.54 5.44 -0.80 13.99 7.80 3.70 3.15 10.88 8.92 11.97 11.74 15.73 10.03 4.26 8.35 1.93 15.38 6.51 15.28 6.90
 2.54 -0.47 11.31 5.14 8.03 7.64 15.05 1.60 12.90 15.93 8.89 6.20 -0.33 14.32 8.80 4.21 4.01 11.42 10.28 12.70 12.05 16.34 10.48 4.87 9.72 2.85 16.43 7.54 16.02 7.80
 3.19 0.21 11.87 5.41 8.70 8.25 16.36 2.18 14.06 16.92 9.51 7.10 0.16 14.86 9.98 4.75 4.86 12.03 11.87 13.79 12.74 17.37 11.33 5.73 11.35 3.87 17.82 8.81 17.46 9.08
 3.73 0.98 12.42 5.68 9.18 8.66 17.70 2.62 15.49 18.14 10.00 8.10 0.57 15.74 11.19 5.32 5.85 12.68 13.66 14.95 13.39 18.61 12.06 6.72 13.14 4.95 19.22 10.05 18.96 10.43
 4.54 1.89 13.32 6.13 10.01 9.30 19.23 3.20 16.94 19.38 10.81 9.30 1.23 16.91 12.65 6.04 7.09 13.68 15.63 16.44 14.38 20.05 13.10 7.95 15.12 6.28 20.82 11.58 20.78 11.98
 5.07 2.66 13.88 6.34 10.60 9.57 20.35 3.63 18.07 20.40 11.40 10.32 1.68 17.67 13.93 6.57 8.17 14.27 17.48 17.59 15.03 21.04 13.84 9.00 16.78 7.54 21.91 12.86 22.40 13.26
 6.52 4.20 15.52 7.51 12.12 10.90 22.76 4.90 20.41 22.54 13.15 12.31 3.16 19.74 16.32 8.05 10.10 15.96 20.59 20.02 16.92 23.33 15.87 11.19 19.61 9.73 24.19 15.28 25.33 15.88
 7.24 5.11 16.40 7.82 12.93 11.41 24.28 5.44 21.81 23.74 14.17 13.60 3.79 20.99 17.93 8.66 11.38 16.83 22.82 21.52 17.90 24.73 17.09 12.62 21.42 11.25 25.49 16.80 27.54 17.60
 8.88 7.22 18.13 9.33 14.73 12.84 26.61 7.06 24.09 25.83 16.06 15.96 5.49 23.41 20.38 10.36 13.78 18.87 25.91 24.03 19.93 27.04 19.14 15.09 24.18 13.70 27.59 19.35 30.46 20.22
 10.41 9.17 20.33 10.75 16.56 14.48 29.62 8.54 26.87 28.44 18.25 18.39 7.07 26.35 23.14 12.24 16.20 21.02 29.46 26.88 22.38 30.11 21.59 17.73 27.20 16.26 29.98 22.02 34.18 23.31
 12.44 11.51 22.59 12.54 18.88 16.28 32.44 10.55 29.41 30.88 21.04 21.05 9.33 29.26 26.23 14.36 18.92 23.35 33.03 29.80 24.95 32.86 24.33 20.74 30.05 19.12 32.32 24.97 37.70 26.46
 14.38 14.05 24.97 14.42 20.99 18.22 35.31 12.50 32.31 33.53 23.55 23.89 11.28 32.50 29.13 16.66 21.76 26.06 36.54 32.82 27.73 35.81 27.04 23.68 32.88 22.00 34.56 27.78 41.19 29.62
 16.69 17.00 27.62 16.74 23.61 20.55 38.75 14.92 35.45 36.55 26.66 27.07 13.76 36.09 32.40 19.28 25.00 29.05 40.49 36.11 31.01 39.35 30.31 27.05 36.11 25.27 37.15 31.08 45.12 33.22
 19.25 20.25 30.52 19.44 26.55 23.14 42.08 17.66 38.69 39.50 29.91 30.39 16.64 39.79 35.78 22.47 28.45 32.23 44.41 39.51 34.29 42.86 33.62 30.47 39.24 28.67 39.73 34.45 48.88 36.85
 22.49 24.10 34.26 22.75 30.09 26.44 46.51 21.13 42.90 43.58 34.17 34.67 20.10 44.48 39.94 26.17 32.60 36.35 49.08 43.86 38.70 47.37 37.98 34.56 43.08 32.72 42.96 38.49 53.59 41.33
 24.04 26.45 36.10 24.58 31.81 28.08 48.52 23.06 45.02 45.34 36.07 36.97 21.93 47.04 41.88 28.38 34.88 38.64 51.23 45.91 40.92 49.62 40.12 36.77 44.83 34.82 44.12 40.42 55.66 43.65
 27.70 30.84 40.24 28.60 35.62 32.07 53.14 27.19 49.58 49.67 40.40 41.66 26.05 51.97 46.08 32.96 39.38 43.24 55.79 50.30 45.62 54.35 44.76 40.86 48.76 39.05 47.43 44.66 60.15 48.25
 31.32 35.13 44.18 32.72 39.41 36.02 57.24 31.53 53.66 53.57 44.55 46.02 30.20 56.27 49.86 37.46 43.80 47.58 59.71 54.34 49.95 58.51 48.92 44.78 52.39 43.06 50.32 48.42 63.96 52.50
 33.84 38.25 46.68 35.60 41.65 38.66 59.61 34.73 56.28 55.88 47.01 49.17 33.10 59.09 51.90 40.74 46.80 50.62 61.88 56.65 52.81 61.05 51.63 47.08 54.35 45.61 51.69 50.79 65.86 55.03
 37.28 42.31 50.50 39.60 45.07 42.54 63.49 39.15 60.35 59.59 50.57 53.49 37.08 63.11 55.11 45.22 50.74 54.74 65.23 60.32 56.89 64.95 55.62 50.30 57.71 49.15 54.19 54.33 69.12 58.84
 39.67 45.02 52.94 42.44 46.95 45.16 65.88 42.33 62.91 61.85 52.81 56.39 39.78 65.78 56.76 48.28 53.44 57.67 66.91 62.35 59.53 67.32 58.12 52.05 59.47 51.28 55.24 56.37 70.58 61.12
 42.86 48.61 55.94 45.98 49.57 48.51 68.47 46.48 65.87 64.48 55.39 59.86 43.38 68.30 58.78 52.23 56.51 61.00 68.89 64.68 62.51 69.92 61.05 54.48 61.81 54.10 56.72 58.84 72.10 63.86
 46.42 52.23 59.29 49.88 52.43 52.19 71.23 50.90 68.95 67.37 58.29 63.68 47.15 71.24 61.03 56.26 60.07 64.48 71.06 67.27 65.68 72.70 64.21 57.01 64.39 57.13 58.55 61.75 73.95 66.74
 49.01 54.87 61.64 52.78 54.19 54.77 73.23 54.47 71.30 69.34 60.28 66.32 49.94 73.08 62.21 59.29 62.42 67.13 72.19 68.70 67.92 74.54 66.38 58.47 66.12 59.13 59.32 63.48 74.56 68.57
 50.40 56.17 62.54 54.35 54.58 55.99 73.42 56.57 71.82 69.60 60.58 67.43 51.51 73.20 61.78 60.81 63.44 68.10 71.67 68.54 68.34 74.48 66.84 58.53 66.11 59.78 58.68 63.92 73.37 68.72
 52.01 57.90 64.08 56.27 55.04 57.72 74.56 58.89 73.52 70.76 61.28 69.22 53.03 74.12 61.70 62.76 64.78 69.69 71.95 68.78 69.55 75.50 67.99 58.83 67.09 60.76 58.61 64.72 73.01 69.55
 53.11 58.99 64.60 57.41 54.97 58.54 74.38 60.46 73.69 70.65 61.20 69.85 54.02 73.80 60.70 63.88 65.27 70.20 71.11 68.10 69.52 75.12 67.85 58.49 66.73 60.94 57.49 64.71 71.30 69.41
 55.96 61.71 67.21 60.40 56.67 61.20 76.49 63.50 76.30 72.63 62.96 72.29 56.77 75.70 61.79 66.58 67.62 72.58 72.26 69.34 71.46 76.99 69.79 59.87 68.73 63.02 58.75 66.49 71.74 71.02
 56.85 62.91 67.91 61.51 56.35 62.00 76.52 64.84 76.86 72.80 62.93 72.89 57.62 75.47 60.79 67.59 68.10 73.10 71.69 68.79 71.46 76.89 69.74 59.50 68.63 63.35 57.73 66.62 70.10 71.09
 57.19 63.32 67.87 61.84 55.49 62.03 75.91 64.90 76.73 72.04 61.87 72.58 57.58 74.77 59.22 67.52 68.10 72.80 70.28 67.19 70.60 75.91 68.68 58.43 67.98 63.00 56.50 65.72 67.78 70.01
 57.05 63.40 67.50 61.94 54.43 61.78 74.76 64.73 76.00 71.01 60.81 71.74 57.36 73.39 57.43 67.19 67.48 72.05 68.67 65.54 69.28 74.49 67.36 57.23 66.98 62.29 54.89 64.69 65.19 68.79
 57.11 63.92 67.33 62.16 53.51 61.71 73.79 64.33 75.62 70.06 59.66 71.08 57.22 72.43 55.87 66.78 67.12 71.32 67.25 63.78 68.04 73.34 65.93 56.19 66.10 61.78 53.72 63.63 62.76 67.62
 55.40 62.89 65.74 60.66 51.29 60.14 71.58 62.18 73.82 67.91 56.91 68.98 55.35 70.21 53.16 64.89 65.30 69.28 64.43 60.91 65.68 70.89 63.20 53.68 63.99 59.82 51.18 61.18 59.33 65.28
 51.97 60.38 62.46 57.53 47.03 56.84 67.67 58.27 70.60 63.91 52.40 65.11 51.73 66.42 48.41 61.33 61.77 65.48 59.88 56.24 61.33 66.76 58.54 49.33 59.94 56.24 46.89 56.89 53.90 61.09
 51.32 60.46 61.81 56.99 46.10 56.27 66.25 56.99 69.47 62.59 50.76 63.78 51.04 65.03 47.09 60.29 60.93 64.25 58.03 54.28 59.72 65.14 56.67 48.13 58.86 55.36 45.83 55.36 51.61 59.76
 49.86 59.90 60.44 55.76 44.60 55.03 64.12 54.85 67.85 60.59 48.52 61.73 49.53 63.22 45.19 58.63 59.47 62.30 55.68 52.01 57.55 62.79 54.17 46.30 56.99 53.96 44.34 53.26 48.97 57.78
 45.65 56.98 56.54 51.70 40.25 51.20 59.66 49.85 63.68 56.20 43.31 57.28 45.18 58.98 40.67 54.32 55.49 57.92 50.75 46.91 52.80 58.23 48.87 41.86 52.79 49.73 40.00 48.39 43.86 53.39
 41.93 54.33 52.80 47.99 36.61 47.81 55.24 45.19 59.94 51.90 38.46 53.22 41.37 55.11 36.78 50.39 51.72 53.84 46.23 42.48 48.53 53.87 44.07 37.79 48.80 46.09 36.42 44.00 39.31 49.32
 39.51 53.08 50.46 45.48 34.51 45.74 52.42 41.96 57.44 49.19 35.10 50.56 38.70 52.76 34.47 47.70 49.47 51.20 43.26 39.49 45.74 51.13 40.75 35.40 46.47 43.81 34.47 41.01 36.52 46.75
 36.05 50.35 46.78 41.64 31.36 42.34 48.04 37.48 53.61 45.16 30.79 46.62 34.92 49.15 31.19 43.91 45.75 47.37 39.02 35.55 41.92 47.01 36.26 32.05 42.68 40.42 31.49 37.05 32.79 42.92
 32.15 47.62 42.72 37.47 27.92 38.81 43.51 32.81 49.56 40.90 25.86 42.62 30.82 45.32 27.66 39.68 41.78 43.33 34.75 31.33 37.85 42.91 31.65 28.41 38.83 36.55 28.25 32.77 29.06 38.99
 27.49 43.54 37.79 32.42 23.89 34.40 38.06 27.45 44.62 35.78 20.30 37.74 25.95 40.67 23.60 34.71 36.68 38.47 29.87 26.67 33.21 38.09 26.32 24.07 34.15 31.97 24.40 27.90 24.72 34.22
 24.30 40.71 34.11 28.87 21.60 31.46 34.06 23.59 40.91 32.12 16.53 34.25 22.67 37.36 21.29 31.09 32.92 35.03 26.63 23.62 30.17 34.81 22.85 21.64 30.87 28.71 22.34 24.69 22.25 31.03
 20.57 37.15 29.66 24.60 18.60 27.74 29.23 19.35 36.60 27.82 11.91 30.35 18.73 33.37 18.23 27.01 28.47 31.00 22.81 20.04 26.48 30.95 18.67 18.44 27.00 24.83 19.45 20.95 19.09 27.14
 16.61 33.19 25.29 20.47 15.61 24.13 24.73 15.15 32.47 23.74 7.55 26.42 14.74 29.48 15.47 22.62 23.68 27.13 19.57 16.73 23.04 27.59 14.82 15.44 23.23 20.87 16.98 17.35 16.37 23.44
 12.57 29.10 20.70 16.02 12.52 20.34 20.16 11.10 28.03 19.45 2.95 22.55 10.90 25.34 12.58 18.43 18.81 23.08 16.31 13.55 19.56 24.14 11.18 12.35 19.38 16.79 14.22 13.86 13.61 19.79
 8.86 24.86 16.25 12.10 9.85 16.95 15.84 7.44 24.01 15.76 -0.98 18.95 7.37 21.38 10.18 14.38 13.92 19.40 13.54 10.67 16.37 21.18 7.92 9.71 15.88 12.95 12.04 10.89 11.23 16.48
 5.76 21.09 12.57 8.71 7.62 13.97 12.44 4.70 20.49 12.38 -4.29 16.13 4.54 17.93 8.28 11.16 9.80 16.25 11.66 8.61 14.00 18.95 5.77 7.61 13.06 9.60 10.00 8.56 9.45 13.68
 3.20 17.30 9.23 5.84 5.94 11.58 9.39 2.56 17.65 9.89 -6.58 13.59 2.49 15.01 7.06 8.38 6.16 13.68 10.13 7.20 12.04 17.16 4.02 5.98 10.66 7.02 8.97 6.85 8.43 11.47
 0.72 13.71 6.40 3.32 4.46 9.42 6.99 0.71 14.70 7.38 -8.62 11.46 0.62 12.13 5.90 5.99 2.76 11.34 9.43 5.97 10.56 15.84 2.95 4.78 8.52 4.38 7.76 5.31 7.58 9.51
 -1.20 10.85 4.05 1.14 3.28 7.76 5.18 -0.53 13.10 5.96 -10.52 9.89 -0.90 9.86 5.18 4.16 0.05 9.59 9.25 5.28 9.56 15.24 2.38 3.82 7.23 2.60 7.29 4.57 7.06 8.32
 -2.89 7.70 2.20 -0.62 2.49 6.46 3.83 -1.49 11.24 4.55 -11.43 8.58 -1.94 7.76 4.85 2.61 -2.49 8.28 9.50 4.95 8.86 15.10 2.30 3.21 6.08 0.73 6.91 4.01 7.28 7.23
 -3.87 5.50 1.20 -1.65 1.98 5.68 3.20 -1.75 10.56 4.09 -11.68 7.90 -2.36 6.46 4.71 1.89 -3.88 7.44 10.06 5.09 8.70 15.20 2.83 2.85 5.67 -0.16 6.98 4.10 7.58 6.92
 -4.83 3.33 0.29 -2.61 1.62 5.04 2.84 -1.86 9.76 3.57 -11.69 7.20 -2.52 5.15 4.78 1.25 -5.18 6.61 10.85 5.25 8.64 15.54 3.53 2.56 5.28 -1.15 7.10 4.17 8.16 6.59
